
strategic_region={
	id=13
	name="STRATEGICREGION_13"
	provinces={
		4378 4555 4576 5079 5112 5154 5156 5326 5469 5806 5980 6292 6438 6554 6579 6730 6778 6991 6998 7074 7134 7208 7243 7277 7512 7540 7834 8097 8136 8197 8280 8350 8496 8535 8626 8747 8856 8902 8923 9052 9108 9143 9157 9174 9222 9265 9350 9450 9520 9522 9581 9597 9713 9716 9783 9890 9893 10281 10307 10316 10320 10322 10328 10334 10349 10350 10360 10362 10369 10370 10392 10394 10400 10421 10447 
	}
	naval_terrain=water_shallow_sea
	weather={
	}
}
