
strategic_region={
	id=14
	name="STRATEGICREGION_14"
	provinces={
		2363 4287 4288 4289 4290 4291 4292 4293 4294 4295 4296 4521 4603 4637 4674 4815 4906 5065 5189 5466 5476 5608 5763 5783 5787 5886 5979 6071 6172 6265 6300 6445 6486 6494 6537 6681 6727 6863 6985 7133 7158 7232 7264 7322 7348 7414 7430 7458 7460 7662 7819 7842 7883 7910 7958 7996 8070 8160 8198 8262 8458 8472 8545 8546 8594 8635 8648 8695 8786 8826 8832 8858 8930 8940 9019 9037 9057 9066 9102 9135 9148 9158 9354 9395 9403 9480 9580 9584 9620 9735 9788 9812 9817 9862 9886 9934 9953 10384 10396 10398 10401 10408 10409 10418 10420 10428 10430 10432 10434 10441 10443 10456 10458 10462 10465 10469 10470 10479 10484 10485 10496 10499 10510 10526 
	}
	naval_terrain=water_fjords
	weather={
	}
}
