
strategic_region={
	id=25
	name="STRATEGICREGION_25"
	provinces={
		11 21 54 78 141 144 223 242 406 441 488 527 592 620 693 763 764 767 819 832 860 938 945 981 993 1050 1055 1112 1199 1318 1338 1350 1355 1357 1359 1385 1399 1430 1469 1479 1493 1494 1529 1534 1644 1687 1711 1715 1725 1778 1786 1888 1897 1953 2071 2098 2135 2144 2178 2303 2325 2424 2441 2506 2551 2562 2595 2641 2642 3671 3749 3780 3786 3806 3814 3823 3834 3836 3841 3868 3902 3907 3920 3933 3936 3955 3956 3964 3987 3988 3998 4003 4021 4026 4029 
	}
	weather={
	}
}
