
strategic_region={
	id=29
	name="STRATEGICREGION_29"
	provinces={
		310 361 628 1024 1213 1225 1302 1320 1552 1664 1716 2701 2702 4920 4977 4983 5188 5491 5649 5704 5773 6167 6249 6349 6374 6454 6592 6736 6775 6782 6825 6862 6879 7077 7091 7099 7125 7184 7210 7288 7314 7436 7524 7666 7685 7746 7754 7802 7994 8170 8193 8196 8214 8225 8236 8276 8343 8414 8515 8797 8863 8877 8942 9071 9332 9348 9441 9481 9775 9796 9822 9869 9937 9978 9979 9980 9981 9994 9995 9996 9998 9999 10002 10010 10014 10018 10020 10022 10023 10024 10027 10031 10035 10040 10051 
	}
	naval_terrain=water_shallow_sea
	weather={
	}
}
