
strategic_region={
	id=49
	name="STRATEGICREGION_49"
	provinces={
		4527 4545 4608 4651 4715 4739 4816 5096 5133 5184 5194 5242 5356 5402 5426 5494 5535 5539 5597 5614 5648 5753 5754 5768 5782 5824 5826 5920 5936 5952 5970 6041 6078 6123 6138 6276 6513 6536 6543 6624 6714 6827 6853 7051 7083 7100 7101 7127 7197 7269 7346 7364 7374 7386 7407 7534 7538 7576 7677 7735 7736 7786 7849 7859 7952 8031 8144 8152 8267 8288 8326 8422 8436 8478 8567 8582 8600 8701 8728 8766 8790 8888 8965 8974 9133 9205 9209 9270 9329 9428 9466 9467 9767 9951 10054 10061 10065 10097 10100 10113 10115 10123 10133 10144 10149 10157 10167 10169 10182 10208 10223 10226 10230 10250 10257 10260 10275 10280 10293 10306 10317 10339 10340 10351 10365 
	}
	naval_terrain=water_deep_ocean
	weather={
	}
}
