
strategic_region={
	id=51
	name="STRATEGICREGION_51"
	provinces={
		4345 4561 4633 4702 4831 4842 4889 4956 4962 4993 5080 5150 5163 5327 5344 5416 5485 5499 5588 5616 5626 5695 5871 5878 5965 6082 6324 6436 6512 6514 6542 6552 6596 6644 6652 6663 6688 6753 6845 7148 7245 7274 7297 7301 7310 7376 7444 7553 7594 7597 7643 7667 7734 7739 7798 7933 7941 8092 8146 8328 8361 8368 8374 8453 8497 8562 8685 8720 8802 8903 8907 8955 8988 8991 8995 9043 9128 9194 9206 9216 9371 9436 9583 9681 9814 9881 10074 10089 10103 10105 10174 10218 10219 10249 10255 10261 10277 10300 10302 10363 10373 
	}
	naval_terrain=water_deep_ocean
	weather={
	}
}
