
strategic_region={
	id=55
	name="STRATEGICREGION_55"
	provinces={
		4331 4432 4500 4604 4652 4684 4799 4857 4899 5126 5157 5277 5299 5304 5400 5474 5712 5767 5776 5792 5795 5867 5902 5948 6108 6149 6153 6207 6294 6383 6418 6521 6591 6632 6761 6793 6913 6925 6943 6953 7007 7019 7129 7159 7240 7250 7303 7382 7440 7478 7626 7641 7713 7818 7820 7957 8194 8239 8260 8310 8333 8429 8699 8782 8827 8836 8869 8882 8885 8909 8921 9028 9038 9184 9294 9359 9405 9526 9571 9660 9928 10385 10403 10407 10413 10454 10461 10464 10473 10483 10494 10497 10508 10525 10537 10538 10545 10548 10550 10576 
	}
	naval_terrain=water_deep_ocean
	weather={
	}
}
