
strategic_region={
	id=61
	name="STRATEGICREGION_61"
	provinces={
		4319 4354 4370 4459 4462 4486 4538 4675 4698 4727 4761 4775 4776 4793 4829 4830 4841 4854 4917 4942 4951 5004 5063 5108 5132 5145 5193 5200 5209 5213 5223 5230 5281 5310 5355 5358 5429 5467 5579 5628 5635 5668 5823 5866 5930 5944 5946 5949 5973 5977 5982 5984 5993 6011 6029 6124 6131 6174 6199 6237 6239 6281 6371 6375 6377 6392 6393 6419 6421 6435 6470 6481 6498 6499 6565 6570 6651 6729 6804 6823 6835 6904 6908 6957 6965 6972 7023 7041 7044 7120 7136 7194 7225 7258 7283 7311 7360 7401 7468 7471 7550 7631 7652 7706 7737 7907 7917 7954 7960 7979 8063 8083 8187 8224 8282 8291 8302 8338 8404 8714 8731 8769 8871 8881 8889 8894 9030 9031 9090 9120 9202 9273 9278 9379 9427 9603 9612 9631 9701 9732 9781 9850 9872 9919 9947 9954 10602 10606 10631 10652 10659 10668 10708 10711 10712 10722 10736 10741 10754 10756 10761 10764 10765 10792 10806 10807 10808 10829 10834 10836 
	}
	naval_terrain=water_deep_ocean
	weather={
	}
}
