
strategic_region={
	id=68
	name="STRATEGICREGION_68"
	provinces={
		186 380 510 855 857 894 1015 1087 1251 1279 1325 1339 1535 1798 1839 1863 2090 2131 2195 2207 2369 4270 4272 4273 4274 4277 4278 4280 4281 4496 4688 4751 4756 5048 5069 5226 5253 5280 5284 5293 5405 5435 5452 5603 5786 5799 5855 5899 6184 6214 6269 6272 6285 6318 6333 6369 6420 6480 6490 6575 6597 6672 6693 6777 6829 6916 6971 7103 7111 7118 7142 7183 7201 7366 7441 7533 7551 7699 7797 7867 7882 7906 7964 8001 8016 8021 8034 8133 8165 8205 8295 8306 8344 8377 8424 8489 8500 8505 8539 8560 8645 8710 8722 8723 8792 8916 8949 8982 9025 9059 9078 9084 9088 9144 9181 9197 9264 9318 9464 9474 9530 9543 9579 9636 9669 9672 9693 9697 9704 9706 9717 9763 9774 9776 9871 9878 9901 9902 9965 11007 11024 11025 11040 11044 11057 11064 11075 11089 11092 11093 11101 11102 11103 11104 11106 11114 11118 11123 11124 11126 11128 11132 11134 11144 11145 11150 11159 11162 11163 11166 
	}
	naval_terrain=water_fjords
	weather={
	}
}
