
state={
	id=115
	name="STATE_115"
	history = {
		owner = TEM
		add_core_of = TEM
		buildings = {
			infrastructure = 0
		}
	}
	provinces={
		7 17 37 72 138 146 151 154 159 198 199 205 247 270 274 300 321 334 342 350 363 381 494 543 600 615 659 665 884 918 937 944 1014 1027 1061 1078 1124 1130 1187 1220 1287 1327 1392 1437 1447 1455 1497 1498 1499 1566 1592 1726 1741 1824 1830 1900 1966 2082 2129 2137 2222 2232 2236 2297 2306 2405 2457 2643 2657 3417 3421 3430 3431 3432 3437 3439 3440 3444 3445 3446 3453 3454 3455 3458 3460 3464 
	}
	manpower=0
	buildings_max_level_factor=1.000
	state_category = wasteland
	impassable = yes
}
