
state={
	id=128
	name="STATE_128"
	provinces={
		10 43 51 71 125 134 163 217 230 233 238 255 353 374 378 384 385 396 421 468 478 513 582 638 721 723 900 912 1012 1045 1066 1114 1159 1219 1231 1341 1366 1370 1391 1424 1460 1473 1484 1509 1519 1542 1575 1590 1616 1654 1696 1742 1743 1785 1825 1918 1933 1939 1945 1964 1967 1996 2038 2075 2085 2089 2106 2133 2170 2212 2250 2261 2266 2269 2291 2324 2340 2342 2419 2435 2455 2489 2529 2553 2575 2580 2597 2605 2671 2691 3572 3579 3592 3594 3597 3609 3610 3614 3627 3630 3644 3648 3649 3667 3672 3678 3684 3688 3691 3693 3694 3695 3697 3703 3704 3706 3710 3714 3716 3717 3718 3719 3723 3732 3735 3741 3745 3748 3750 3752 3756 3759 3760 3761 3762 3767 3769 3773 3777 3778 3781 3782 3783 3793 3794 3795 3798 3800 3801 3805 3811 3817 3820 3822 3829 3833 3835 3837 3846 3853 3862 3866 3867 3871 3876 3884 3889 3892 3914 3929 3934 3948 3963 
	}
	manpower=0
	buildings_max_level_factor=1.000
}
