state={
	id=129
	name="STATE_129"
	history = {
		owner = NAM
		add_core_of = NAM
		buildings = {
			infrastructure = 0
		}
	}
	provinces={
		8 19 57 83 99 107 116 120 122 152 167 184 196 200 202 222 258 277 305 331 339 344 376 402 433 439 456 505 550 557 561 568 591 622 627 637 642 644 648 662 688 698 718 720 737 739 741 742 794 797 824 837 854 882 914 921 934 935 940 954 980 983 1026 1038 1070 1075 1139 1165 1173 1190 1201 1217 1218 1228 1260 1263 1271 1273 1276 1336 1349 1356 1397 1433 1451 1478 1486 1513 1525 1527 1565 1596 1597 1599 1645 1660 1663 1683 1698 1703 1709 1712 1781 1789 1840 1889 1891 1952 1961 1971 1978 1994 2004 2008 2020 2070 2076 2081 2160 2182 2190 2240 2277 2298 2326 2341 2371 2400 2452 2468 2483 2592 2623 2644 2656 2673 3467 3475 3479 3483 3486 3500 3501 3504 3509 3513 3517 3523 3531 3534 3548 3549 3552 3577 3598 3605 3607 3625 3626 3629 3634 3635 3636 3647 3653 3654 3661 3664 3673 3683 3686 3690 3705 3720 3737 3738 3765 3776 
	}
	manpower=0
	buildings_max_level_factor=1.000
	state_category = wasteland
	impassable = yes
}
