
state={
	id=130
	name="STATE_130"
	provinces={
		211 261 343 442 503 590 634 712 811 904 1036 1069 1120 1134 1150 1186 1210 1306 1312 1362 1442 1506 1518 1546 1618 1628 1735 1749 1754 1807 1834 1851 1871 1875 1930 1931 1960 2051 2078 2120 2151 2163 2227 2263 2467 2482 2488 2532 2555 2614 3473 3477 3478 3481 3482 3489 3492 3493 3494 3495 3496 3497 3502 3505 3506 3508 3515 3519 3524 3527 3528 3533 3537 3539 3541 3542 3543 3547 3554 3555 3557 3561 3562 3563 3569 3573 3574 3587 
	}
	manpower=0
	buildings_max_level_factor=1.000
}
