
state={
	id=141
	name="STATE_141"
	provinces={
		33 55 145 241 245 282 449 483 522 680 682 695 715 814 859 895 967 1043 1064 1099 1123 1222 1253 1308 1317 1335 1407 1410 1446 1461 1465 1477 1483 1536 1544 1549 1574 1593 1609 1631 1632 1659 1661 1682 1744 1766 2059 2088 2142 2152 2199 2204 2237 2242 2305 2317 2389 2434 2454 2563 2569 2627 2647 2658 2664 2668 2676 2687 3685 3701 3709 3711 3712 3724 3733 3736 3742 3743 3753 3755 3770 3772 3787 3789 3790 3791 3802 3812 3813 3818 3819 3824 3825 3830 3831 3838 3842 3843 3854 3859 3863 3873 3877 3886 3893 3894 3898 3899 3903 3905 3911 3916 3924 3928 3930 3932 3944 3959 3960 3968 3973 3975 3985 3994 3995 4002 4011 4015 4028 4032 4037 
	}
	manpower=0
	buildings_max_level_factor=1.000
}
