
state={
	id=171
	name="STATE_171"
	provinces={
		111 124 318 349 355 357 611 641 681 711 781 849 943 955 988 1161 1166 1175 1221 1367 1383 1417 1476 1491 1573 1650 1657 1685 1693 1722 1765 1775 1794 1845 1869 1884 1959 1962 2073 2092 2104 2111 2125 2126 2156 2209 2233 2234 2310 2319 2383 2399 2401 2466 2505 2512 2527 2536 2570 2573 2607 2628 2629 2634 3511 3512 3514 3516 3518 3521 3525 3526 3530 3540 3545 3546 3553 3559 3560 3564 3565 3566 3567 3571 3575 3576 3580 3585 3586 3589 3593 3601 3602 3603 3608 3611 3621 3622 3628 3631 3632 3641 3645 3668 3669 3676 3681 3696 
	}
	manpower=0
	buildings_max_level_factor=1.000
}
