
state={
	id=21
	name="STATE_21"

	history={
		owner = NOR
		add_core_of = NOR
		buildings = {
			infrastructure = 1

		}

	}

	provinces={
		18 24 36 48 59 77 93 128 157 225 295 306 317 371 392 394 401 428 446 461 464 472 487 495 497 554 567 577 617 631 734 784 786 793 818 821 885 911 986 997 1025 1080 1098 1136 1149 1232 1243 1269 1373 1468 1558 1600 1612 1626 1636 1718 1872 1919 1942 1958 2047 2056 2061 2150 2238 2246 2283 2316 2404 2568 2579 2601 2681 2685 2749 2767 2778 2780 2786 2787 2834 2926 2932 2985 3015 3060 3080 3126 3151 3157 3218 3275 3320 3335 3340 
	}
	manpower=7230
	buildings_max_level_factor=1.000
	state_category=pastoral
}
